[ui]
is_irp6ot_m_active=1
is_irp6p_m_active=0
is_mp_and_ecps_active=1

[mp]
program_name=mp_c
node_name=olin

[ecp_irp6p_m]
program_name=image_switching
node_name=olin

[edp_irp6p_m]
robot_test_mode=1
node_name=olin
force_sensor_test_mode=1
servo_tryb=1

; [vsp_fradia_sensor_servovision]
; fradia_node_name=starogardzka
; fradia_task=AS_Ball
; fradia_port=4000

[object_follower_pb]
fradia_node_name=starogardzka
fradia_task=MB_ChessboardLocalization
fradia_port=4000

v_max=0.3
omega_max=0.5
a_max=0.3
epsilon_max=1

translation_min=[0.75; 1.7; 0.1]
translation_max=[0.90; 2.3; 0.25]
cone_rotation=[-0.70711   0.70711   0.00000 0;   0.70711   0.70711   0.00000 0;   0.00000   0.00000  -1.00000 0]
min_inclination=1.309
wrist_rotation_min=-1
wrist_rotation_max=2


E_T_G_desired=[1 0 0 -0.055; 0 1 0 0; 0 0 1 0.19]

E_T_C=[1  0  0  -0.055; 0  1  0  0; 0  0  1  -0.07]

regulator_kp_matrix=[0.08 0 0 0 0 0; 0 0.08 0 0 0 0; 0 0 0.08 0 0 0; 0 0 0 0.05 0 0; 0 0 0 0 0.05 0; 0 0 0 0 0 0.05]

; kamera DX-201 rozdzielczosc: 768x576 Interlace: INTERLACED	
fradia_camera_intrinsics=[647.07647705 0. 383.50000000; 0. 632.76348877 287.50000000; 0. 0. 1.]
fradia_camera_distortion=[-0.51084775 0.23313555 4.50637517e-03 -6.86281081e-03 4.94365674e-03]

[object_follower_sac_1]
fradia_node_name=starogardzka
fradia_task=MB_ChessboardLocalization
fradia_port=4001

v_max=0.3
omega_max=0.5
a_max=0.3
epsilon_max=1

translation_min=[0.75; 1.6; 0.05]
translation_max=[0.90; 2.15; 0.30]
cone_rotation=[-0.70711   0.70711   0.00000 0;   0.70711   0.70711   0.00000 0;   0.00000   0.00000  -1.00000 0]
min_inclination=1.309
wrist_rotation_min=-1
wrist_rotation_max=2

E_T_G_desired=[1 0 0 0.05; 0 1 0 0.00; 0 0 1 0.15]

O_T_C=[0.0000    1.0000    0.0000	   0.90;   0.7071   -0.0000   -0.7071    2.90;   -0.7071    0.0000   -0.7071   1.185]


regulator_kp_matrix=[0.08 0 0 0 0 0; 0 0.08 0 0 0 0; 0 0 0.08 0 0 0; 0 0 0 0.05 0 0; 0 0 0 0 0.05 0; 0 0 0 0 0 0.05]

; kamera Mitsubishi (29.07.2010) rozdzielczosc: 768x576 Interlace: INTERLACED, zoom: nieznany
fradia_camera_intrinsics=[1.87120312e+03 0. 3.83500000e+02; 0. 1.87757153e+03 2.87500000e+02; 0. 0. 1.]
fradia_camera_distortion=[-6.87764436e-02 8.20148945e+00 7.74234859e-03 2.96020857e-03 -1.36298920e+02]
