[ui]
is_irp6ot_m_active=1
is_irp6p_m_active=0
is_mp_and_ecps_active=1

[mp]
program_name=mp_c
node_name=tola

[ecp_irp6ot_m]
program_name=image_switching
node_name=tola

[edp_irp6ot_m]
robot_test_mode=1
node_name=tola
force_sensor_test_mode=1
servo_tryb=1
preset_position_0=0.0 0.0 -1.428 0.0 0.0 4.720 0.0 0.075

[object_follower_pb]
fradia_node_name=starogardzka
fradia_task=MB_ChessboardLocalization
fradia_port=4000

v_max=0.3
omega_max=0.5
a_max=0.3
epsilon_max=1


; position constraints
cube_position=[1 0 0 0.80; 0 1 0 2.00; 0 0 1 0.225]
cube_size=[0.10; 0.30; 0.05]
spherical_cone_rotation=[-0.70711   0.70711   0.00000 0;   0.70711   0.70711   0.00000 0;   0.00000   0.00000  -1.00000 0]
min_inclination=1.309
wrist_rotation_min=-1
wrist_rotation_max=2

; object reached termination condition
max_linear_speed=0.05
max_angular_speed=0.05
max_linear_accel=0.05
max_angular_accel=0.05
max_linear_error=5
max_angular_error=0.05
min_steps=1


E_T_G_desired=[1 0 0 -0.055; 0 1 0 0; 0 0 1 0.19]

E_T_C=[1  0  0  -0.055; 0  1  0  0; 0  0  1  -0.07]

regulator_kp_matrix=[0.08 0 0 0 0 0; 0 0.08 0 0 0 0; 0 0 0.08 0 0 0; 0 0 0 0.05 0 0; 0 0 0 0 0.05 0; 0 0 0 0 0 0.05]

; kamera DX-201 rozdzielczosc: 768x576 Interlace: INTERLACED	
fradia_camera_intrinsics=[647.07647705 0. 383.50000000; 0. 632.76348877 287.50000000; 0. 0. 1.]
fradia_camera_distortion=[-0.51084775 0.23313555 4.50637517e-03 -6.86281081e-03 4.94365674e-03]

[object_follower_sac_1]
fradia_node_name=starogardzka
fradia_task=MB_ChessboardLocalization
fradia_port=4001

v_max=0.3
omega_max=0.5
a_max=0.3
epsilon_max=1

translation_min=[0.75; 1.6; 0.05]
translation_max=[0.90; 2.15; 0.30]
cone_rotation=[-0.70711   0.70711   0.00000 0;   0.70711   0.70711   0.00000 0;   0.00000   0.00000  -1.00000 0]
min_inclination=1.309
wrist_rotation_min=-1
wrist_rotation_max=2

E_T_G_desired=[1 0 0 0.01; 0 1 0 0.00; 0 0 1 0.1]

O_T_C=[1.0000    0.0000    0.0000	   0.90;   0.0000   1.0000   0.0000    2.90;   0.0000    0.0000   1.0000   1.185]


regulator_kp_matrix=[0.08 0 0 0 0 0; 0 0.08 0 0 0 0; 0 0 0.08 0 0 0; 0 0 0 0.05 0 0; 0 0 0 0 0.05 0; 0 0 0 0 0 0.05]

; kamera Mitsubishi (29.07.2010) rozdzielczosc: 768x576 Interlace: INTERLACED, zoom: nieznany
fradia_camera_intrinsics=[1.87120312e+03 0. 3.83500000e+02; 0. 1.87757153e+03 2.87500000e+02; 0. 0. 1.]
fradia_camera_distortion=[-6.87764436e-02 8.20148945e+00 7.74234859e-03 2.96020857e-03 -1.36298920e+02]
