[mp]
is_active=1
program_name=mp_c

[ecp_irp6p_m]
is_active=1
program_name=aggregated_backing_image_switching

[edp_irp6p_m]
is_active=1
robot_test_mode=1
force_sensor_test_mode=1
velocity_limit_global_factor=1

servo_tryb=1
real_cartesian_position_0=1
real_cartesian_position_1=1
real_cartesian_position_2=1
real_cartesian_position_3=1
real_cartesian_position_4=1
real_cartesian_position_5=1
measure_time=1
preset_position_0=0.0 -1.571 0.0 0.0 4.712 0.0 0.075

[visualservo_tester]
is_active=1
run_vs=1
run_conveyor=0
vs_settle_time=0

[object_follower_pb]
discode_port=8888
discode_node_name=starogardzka
discode_reading_timeout=0.25
discode_rpc_call_timeout=1

v_max=0.2
omega_max=1
a_max=0.3
epsilon_max=0.5


; position constraints
;cube_position=[1 0 0 0.80; 0 1 0 2.00; 0 0 1 0.225]
;cube_size=[0.30; 0.60; 0.15]
cube_position=[1 0 0 0.80; 0 1 0 2.00; 0 0 1 -0.225]
cube_size=[1.50; 1.90; 1.55]
spherical_cone_rotation=[-0.70711   0.70711   0.00000 0;   0.70711   0.70711   0.00000 0;   0.00000   0.00000  -1.00000 0]
min_inclination=1.309
wrist_rotation_min=-1
wrist_rotation_max=2


; object reached termination condition
max_linear_speed=0.05
max_angular_speed=0.05
max_linear_accel=0.05
max_angular_accel=0.05
max_linear_error=5
max_angular_error=0.05
min_steps=1


;E_T_G_desired=[1 0 0 -0.055; 0 1 0 0; 0 0 1 0.05]
E_T_G_desired=[1 0 0 0; 0 1 0 0; 0 0 1 0.1]

;E_T_C=[1  0  0  -0.055; 0  1  0  0; 0  0  1  -0.07]
E_T_C=[1  0  0  -0.055; 0  1  0  0; 0  0  1  -0.07]

regulator_kp_matrix=[0.08 0 0 0 0 0; 0 0.08 0 0 0 0; 0 0 0.08 0 0 0; 0 0 0 0.05 0 0; 0 0 0 0 0.05 0; 0 0 0 0 0 0.05]

; kamera DX-201 rozdzielczosc: 768x576 Interlace: INTERLACED	
; fradia_camera_intrinsics=[647.07647705 0. 383.50000000; 0. 632.76348877 287.50000000; 0. 0. 1.]
; fradia_camera_distortion=[-0.51084775 0.23313555 4.50637517e-03 -6.86281081e-03 4.94365674e-03]

[object_follower_sac_1]
discode_port=8889
discode_node_name=starogardzka
discode_reading_timeout=0.25
discode_rpc_call_timeout=1

v_max=0.2
omega_max=1
a_max=0.3
epsilon_max=0.5

;translation_min=[0.75; 1.6; -0.5]
;translation_max=[0.90; 2.15; 0.50]
cone_rotation=[-0.70711   0.70711   0.00000 0;   0.70711   0.70711   0.00000 0;   0.00000   0.00000  -1.00000 0]
min_inclination=1.309
wrist_rotation_min=-1
wrist_rotation_max=2

;E_T_G_desired=[-0.3901 0.8862 0.25 -0.4674; -0.9153 -0.3437 -0.2098 0.5073; -0.1004 -0.3107 0.9451 0.5105]
;E_T_G_desired=[1.0 0.0 0.0 0.01; 0.0 1.0 0.0 0.00; 0.0 0.0 1.0 0.15]
E_T_G_desired=[1 0 0 -0.055; 0 1 0 0; 0 0 1 0.01]
;E_T_G_desired=[1 0 0 -0.055; 0 1 0 0; 0 0 1 0.05]
;E_T_G_desired=[1.0 0.0 0.0 0.00; 0.0 0.7071 -0.7071 0.0; 0.0 0.7071 0.7071 1.185]

;O_T_C=[1.0 0.0 0.0 0.90; 0.0 0.7071 -0.7071 0.9; 0.0 0.7071 0.7071 1.185]
;O_T_C=[0.2436156 0.9638743 -0.1076367 1.0089402; 0.8974666 -0.2661348 -0.3517785 2.4524392; -0.3677017 -0.0108516 -0.9298725 0.858556]
O_T_C=[0.1011656 0.9842955 -0.1446628 1.0561941; 0.9463801 -0.1400512 -0.2910831 2.4318411; -0.3068195 -0.1074156 -0.9456376 0.8525655]



regulator_kp_matrix=[0.08 0 0 0 0 0; 0 0.08 0 0 0 0; 0 0 0.08 0 0 0; 0 0 0 0.05 0 0; 0 0 0 0 0.05 0; 0 0 0 0 0 0.05]

; kamera Mitsubishi (29.07.2010) rozdzielczosc: 768x576 Interlace: INTERLACED, zoom: nieznany
;fradia_camera_intrinsics=[1.87120312e+03 0. 3.83500000e+02; 0. 1.87757153e+03 2.87500000e+02; 0. 0. 1.]
;fradia_camera_distortion=[-6.87764436e-02 8.20148945e+00 7.74234859e-03 2.96020857e-03 -1.36298920e+02]
